[gd_scene load_steps=15 format=3 uid="uid://iysllbq6upr7"]

[ext_resource type="Script" uid="uid://sm1smey5c01l" path="res://Scripts/CharacterController.gd" id="1_a02cp"]
[ext_resource type="Texture2D" uid="uid://dmnucch5p364a" path="res://Assets/Textures/AnPhiastTemp.png" id="2_5ukr8"]
[ext_resource type="PackedScene" uid="uid://bjooqpqmpiw7u" path="res://Scenes/interaction_box.tscn" id="2_go701"]
[ext_resource type="PackedScene" uid="uid://bya28u4hoakii" path="res://Scenes/npc.tscn" id="4_8j60k"]

[sub_resource type="ProceduralSkyMaterial" id="ProceduralSkyMaterial_go701"]
sky_horizon_color = Color(0.66224277, 0.6717428, 0.6867428, 1)
ground_horizon_color = Color(0.66224277, 0.6717428, 0.6867428, 1)

[sub_resource type="Sky" id="Sky_5a7ea"]
sky_material = SubResource("ProceduralSkyMaterial_go701")

[sub_resource type="Environment" id="Environment_8j60k"]
background_mode = 2
sky = SubResource("Sky_5a7ea")
tonemap_mode = 2

[sub_resource type="ConvexPolygonShape3D" id="ConvexPolygonShape3D_5ukr8"]
points = PackedVector3Array(-0.12520654, -0.532801, -0.4805069, 0.022783129, 0.4760704, 0.49888408, 0.16971254, 0.5591441, 0.46417162, 0.23105091, -0.8035912, 0.32045516, 0.40741014, 0.651043, -0.24352328, -0.4827893, 0.59484255, 0.082213186, -0.3628679, -0.68231165, 0.2896967, 0.46904355, -0.65452886, -0.06627126, -0.12744367, 0.8427015, -0.33810276, -0.39343542, -0.6839421, -0.24471663, 0.43825462, 0.62330925, 0.20084947, 0.0841477, 0.977454, 0.11479468, -0.06820232, -0.9764576, -0.12927033, 0.20054972, -0.56312895, -0.4514544, -0.18552664, 0.59545326, -0.4534751, -0.27336287, 0.59226835, 0.40775412, -0.0069364863, -0.47682306, 0.49966025, 0.37582088, -0.5886136, 0.31695515, 0.111579016, 0.5630594, -0.48117727, -0.41725034, 0.5278656, -0.27049688, -0.48454633, -0.59697217, -0.06650971, -0.27974695, 0.90856135, 0.05333608, -0.25019687, -0.8807117, 0.20531891, 0.263647, -0.90277094, -0.1273943, 0.29336792, 0.8715263, -0.15719566, 0.3734115, -0.5263189, -0.32824618, 0.4996626, 0.47664148, -0.0068885577, 0.053105574, 0.8750009, 0.32470253, -0.15454252, -0.5908538, 0.4658794, -0.09727988, -0.7823577, -0.39818847, -0.3876489, -0.49817133, 0.31564978, -0.30067965, -0.58799505, -0.38890144)

[sub_resource type="PlaneMesh" id="PlaneMesh_a02cp"]
size = Vector2(40, 40)

[sub_resource type="ConvexPolygonShape3D" id="ConvexPolygonShape3D_8j60k"]
points = PackedVector3Array(20.309507, 0.31733605, 20.309507, -20.309507, -0.31733605, -20.309507, -20.309507, 0.31733605, -20.309507, 20.309507, -0.31733605, -20.309507, -20.309507, -0.31733605, 20.309507, -20.309507, 0.31733605, 20.309507, 20.309507, 0.31733605, -20.309507, 20.309507, -0.31733605, 20.309507)

[sub_resource type="BoxMesh" id="BoxMesh_8j60k"]
size = Vector3(15, 25, 5)

[sub_resource type="StandardMaterial3D" id="StandardMaterial3D_8j60k"]
transparency = 1
albedo_color = Color(1, 0.47058824, 0.7058824, 0.41960785)

[sub_resource type="BoxMesh" id="BoxMesh_fo5ed"]
material = SubResource("StandardMaterial3D_8j60k")
size = Vector3(5, 25, 10)

[sub_resource type="ConvexPolygonShape3D" id="ConvexPolygonShape3D_fo5ed"]
points = PackedVector3Array(-2.5, -11.789077, -4.8299327, 2.857143, 12.695928, 5.119048, -2.5, 11.789077, 4.750568, 2.857143, -12.695928, 5.119048, 2.857143, 12.695928, -5.198413, 2.857143, -12.695928, -5.198413, -2.5, -11.789077, 4.750568, -2.5, 11.789077, -4.8299327)

[node name="World" type="Node3D"]

[node name="DirectionalLight3D" type="DirectionalLight3D" parent="."]
transform = Transform3D(-0.8660254, -0.43301278, 0.25, 0, 0.49999997, 0.86602545, -0.50000006, 0.75, -0.43301266, 0, 0, 0)
shadow_enabled = true

[node name="WorldEnvironment" type="WorldEnvironment" parent="."]
environment = SubResource("Environment_8j60k")

[node name="Player" type="CharacterBody3D" parent="."]
collision_layer = 129
script = ExtResource("1_a02cp")

[node name="CollisionShape3D" type="CollisionShape3D" parent="Player"]
transform = Transform3D(1, 0, 0, 0, 1, 0, 0, 0, 1, 0, 1, 0)
shape = SubResource("ConvexPolygonShape3D_5ukr8")

[node name="Pivot" type="Node3D" parent="Player"]
transform = Transform3D(1, 0, 0, 0, 1, 0, 0, 0, 1, 0, 1.7295505, 0)

[node name="Camera3D" type="Camera3D" parent="Player/Pivot"]
transform = Transform3D(1, 0, 0, 0, 0.9063078, 0.4226183, 0, -0.4226183, 0.9063078, 0, 7.5264845, 16.653011)
projection = 1
size = 10.0
far = 150.0

[node name="Sprite3D" type="Sprite3D" parent="Player"]
transform = Transform3D(0.05, 0, 0, 0, 0.05, 0, 0, 0, 0.05, 0, 1.0013483, 0)
billboard = 1
texture = ExtResource("2_5ukr8")

[node name="Floor" type="StaticBody3D" parent="."]

[node name="MeshInstance3D" type="MeshInstance3D" parent="Floor"]
transform = Transform3D(0.70710677, 0, 0.70710677, 0, 1, 0, -0.70710677, 0, 0.70710677, 0, 0, 0)
mesh = SubResource("PlaneMesh_a02cp")

[node name="CollisionShape3D" type="CollisionShape3D" parent="Floor"]
transform = Transform3D(0.70710677, 0, 0.70710677, 0, 1, 0, -0.70710677, 0, 0.70710677, 0, 0, 0)
shape = SubResource("ConvexPolygonShape3D_8j60k")

[node name="InteractionBox" parent="." instance=ExtResource("2_go701")]
transform = Transform3D(1, 0, 0, 0, 1, 0, 0, 0, 1, -0.8387604, 0.15866852, 2.5013564)

[node name="NPC" parent="." instance=ExtResource("4_8j60k")]
transform = Transform3D(0.2, 0, 0, 0, 0.2, 0, 0, 0, 0.2, 0, 1.5322657, 5.4287972)

[node name="MeshInstance3D" type="MeshInstance3D" parent="."]
transform = Transform3D(0.7071067, 0, -0.7071067, 0, 1, 0, 0.7071067, 0, 0.7071067, -8.004078, -8.8957815, 1.8261642)
mesh = SubResource("BoxMesh_8j60k")

[node name="MeshInstance3D3" type="MeshInstance3D" parent="."]
transform = Transform3D(0.7071067, 0, -0.7071067, 0, 1, 0, 0.7071067, 0, 0.7071067, 9.382638, -7.2558413, 11.382384)
mesh = SubResource("BoxMesh_fo5ed")

[node name="StaticBody3D" type="StaticBody3D" parent="MeshInstance3D3"]

[node name="CollisionShape3D" type="CollisionShape3D" parent="MeshInstance3D3/StaticBody3D"]
shape = SubResource("ConvexPolygonShape3D_fo5ed")

[node name="MeshInstance3D2" type="MeshInstance3D" parent="."]
transform = Transform3D(0.7071067, 0, -0.7071067, 0, 1, 0, 0.7071067, 0, 0.7071067, 1.3488026, 0, -8.414277)
mesh = SubResource("BoxMesh_8j60k")

[connection signal="interacted" from="InteractionBox" to="NPC" method="speak"]
